m=1000;
a=200;
b=10000;
g=9.81;
m2=1500;
kp=60;
ki=20;
ang=2;